0 0.392969 0.041667 0.035937 0.045833
0 0.313281 0.119792 0.039062 0.052083
0 0.314844 0.171875 0.045312 0.047917
0 0.085938 0.059375 0.046875 0.085417
0 0.076563 0.185417 0.050000 0.066667
0 0.178906 0.341667 0.045312 0.066667
0 0.104688 0.362500 0.034375 0.041667
0 0.049219 0.311458 0.029687 0.039583
0 0.157031 0.408333 0.035937 0.054167
0 0.171875 0.496875 0.037500 0.043750
0 0.189062 0.576042 0.037500 0.060417
0 0.149219 0.585417 0.039062 0.041667
0 0.055469 0.595833 0.039062 0.045833
0 0.016406 0.664583 0.029687 0.066667
0 0.065625 0.730208 0.053125 0.081250
0 0.157031 0.810417 0.045312 0.054167
0 0.233594 0.813542 0.023438 0.039583
0 0.084375 0.878125 0.040625 0.060417
0 0.125781 0.913542 0.051562 0.039583
0 0.278125 0.991667 0.034375 0.016667
0 0.993750 0.125000 0.012500 0.029167
0 0.992188 0.161458 0.015625 0.043750
0 0.992969 0.304167 0.014063 0.045833
