0 0.071875 0.229167 0.046875 0.066667
0 0.014844 0.247917 0.026562 0.066667
0 0.025781 0.352083 0.048438 0.079167
0 0.188281 0.084375 0.070312 0.077083
0 0.179688 0.156250 0.040625 0.050000
0 0.254688 0.122917 0.065625 0.070833
0 0.350000 0.021875 0.046875 0.039583
0 0.390625 0.038542 0.050000 0.072917
0 0.444531 0.066667 0.051562 0.054167
0 0.765625 0.059375 0.146875 0.114583
0 0.926562 0.196875 0.053125 0.052083
0 0.990625 0.086458 0.018750 0.052083
0 0.876563 0.354167 0.059375 0.070833
0 0.906250 0.408333 0.043750 0.054167
0 0.709375 0.372917 0.053125 0.062500
0 0.171875 0.320833 0.046875 0.087500
0 0.223438 0.329167 0.056250 0.083333
0 0.382812 0.226042 0.053125 0.060417
0 0.474219 0.342708 0.060937 0.093750
0 0.562500 0.345833 0.056250 0.087500
0 0.724219 0.498958 0.057813 0.081250
0 0.632812 0.562500 0.056250 0.062500
0 0.773438 0.576042 0.053125 0.068750
0 0.867188 0.587500 0.068750 0.083333
0 0.646094 0.685417 0.035937 0.054167
0 0.753906 0.719792 0.064062 0.077083
0 0.984375 0.752083 0.031250 0.066667
0 0.848437 0.847917 0.075000 0.095833
0 0.682813 0.844792 0.043750 0.093750
0 0.557813 0.786458 0.034375 0.047917
0 0.616406 0.959375 0.060937 0.081250
0 0.669531 0.980208 0.042188 0.039583
0 0.753906 0.991667 0.039062 0.016667
0 0.994531 0.983333 0.010937 0.033333
0 0.419531 0.601042 0.039062 0.056250
0 0.302344 0.582292 0.029687 0.039583
0 0.328906 0.610417 0.054688 0.070833
0 0.366406 0.653125 0.070312 0.064583
0 0.331250 0.756250 0.028125 0.041667
0 0.311719 0.917708 0.045312 0.064583
0 0.328906 0.967708 0.054688 0.043750
0 0.197656 0.933333 0.042188 0.054167
0 0.178906 0.991667 0.048438 0.016667
0 0.210938 0.727083 0.246875 0.345833
