0 0.882031 0.544792 0.235937 0.281250
0 0.300000 0.270833 0.153125 0.270833
0 0.010937 0.059375 0.018750 0.060417
0 0.111719 0.021875 0.048438 0.035417
0 0.169531 0.059375 0.023438 0.035417
0 0.079687 0.101042 0.037500 0.039583
0 0.064062 0.171875 0.028125 0.039583
0 0.224219 0.106250 0.029687 0.037500
0 0.278906 0.025000 0.029687 0.045833
0 0.283594 0.073958 0.020313 0.031250
0 0.333594 0.125000 0.032813 0.037500
0 0.211719 0.166667 0.029687 0.050000
0 0.222656 0.265625 0.026562 0.043750
0 0.442188 0.130208 0.034375 0.052083
0 0.463281 0.038542 0.029687 0.039583
0 0.442188 0.072917 0.021875 0.029167
0 0.477344 0.117708 0.032813 0.047917
0 0.557031 0.186458 0.023438 0.068750
0 0.621094 0.167708 0.042188 0.064583
0 0.639062 0.110417 0.034375 0.058333
0 0.692969 0.145833 0.032813 0.045833
0 0.756250 0.089583 0.021875 0.029167
0 0.888281 0.116667 0.039062 0.050000
0 0.823438 0.189583 0.040625 0.045833
0 0.882031 0.205208 0.026562 0.039583
0 0.939063 0.215625 0.015625 0.022917
0 0.909375 0.253125 0.046875 0.052083
0 0.982031 0.288542 0.029687 0.027083
0 0.986719 0.329167 0.026562 0.033333
0 0.984375 0.365625 0.031250 0.047917
0 0.885938 0.326042 0.028125 0.056250
0 0.858594 0.363542 0.048438 0.039583
0 0.800000 0.278125 0.034375 0.043750
0 0.731250 0.205208 0.025000 0.035417
0 0.717969 0.244792 0.042188 0.056250
0 0.656250 0.247917 0.034375 0.033333
0 0.698438 0.287500 0.040625 0.041667
0 0.696094 0.333333 0.042188 0.058333
0 0.743750 0.350000 0.037500 0.062500
0 0.614062 0.327083 0.028125 0.054167
0 0.651563 0.364583 0.034375 0.045833
0 0.403906 0.251042 0.035937 0.043750
0 0.442969 0.308333 0.035937 0.045833
0 0.480469 0.334375 0.029687 0.039583
0 0.664062 0.437500 0.018750 0.025000
0 0.725000 0.453125 0.018750 0.022917
0 0.706250 0.498958 0.021875 0.035417
0 0.573438 0.483333 0.021875 0.020833
0 0.535156 0.455208 0.035937 0.039583
0 0.468750 0.407292 0.050000 0.064583
0 0.166406 0.264583 0.026562 0.041667
0 0.120313 0.282292 0.037500 0.039583
0 0.020313 0.342708 0.037500 0.056250
0 0.018750 0.429167 0.034375 0.041667
0 0.092969 0.405208 0.023438 0.022917
0 0.145313 0.421875 0.037500 0.047917
0 0.185156 0.439583 0.039062 0.037500
0 0.132031 0.481250 0.042188 0.070833
0 0.193750 0.539583 0.046875 0.066667
0 0.277344 0.475000 0.032813 0.033333
0 0.060937 0.618750 0.031250 0.050000
0 0.008594 0.686458 0.014063 0.022917
0 0.161719 0.760417 0.026562 0.037500
0 0.164062 0.791667 0.021875 0.029167
0 0.221094 0.701042 0.029687 0.022917
0 0.060156 0.915625 0.035937 0.047917
0 0.039844 0.963542 0.023438 0.031250
0 0.007812 0.929167 0.012500 0.029167
0 0.389062 0.528125 0.025000 0.031250
0 0.480469 0.521875 0.029687 0.035417
0 0.407813 0.589583 0.031250 0.037500
0 0.514844 0.612500 0.032813 0.041667
0 0.639062 0.590625 0.034375 0.043750
0 0.653906 0.610417 0.039062 0.037500
0 0.618750 0.600000 0.012500 0.016667
0 0.653125 0.678125 0.018750 0.022917
0 0.685937 0.669792 0.021875 0.031250
0 0.670312 0.707292 0.025000 0.031250
0 0.711719 0.742708 0.042188 0.052083
0 0.782031 0.765625 0.039062 0.052083
0 0.955469 0.746875 0.054688 0.068750
0 0.979688 0.828125 0.040625 0.043750
0 0.972656 0.909375 0.026562 0.043750
0 0.900781 0.867708 0.039062 0.056250
0 0.939063 0.994792 0.025000 0.010417
0 0.798438 0.960417 0.031250 0.033333
0 0.733594 0.878125 0.035937 0.047917
0 0.660156 0.795833 0.017188 0.020833
0 0.691406 0.795833 0.035937 0.054167
0 0.661719 0.820833 0.026562 0.025000
0 0.660937 0.917708 0.034375 0.039583
0 0.991406 0.695833 0.017188 0.058333
