0 0.034375 0.007292 0.018750 0.010417
0 0.083594 0.044792 0.032813 0.047917
0 0.163281 0.105208 0.039062 0.056250
0 0.286719 0.027083 0.051562 0.050000
0 0.475781 0.007292 0.023438 0.010417
0 0.491406 0.053125 0.026562 0.043750
0 0.592969 0.070833 0.035937 0.045833
0 0.720313 0.050000 0.053125 0.062500
0 0.918750 0.047917 0.162500 0.091667
0 0.990625 0.623958 0.018750 0.093750
0 0.760156 0.112500 0.017188 0.029167
0 0.729688 0.121875 0.015625 0.022917
0 0.744531 0.146875 0.017188 0.027083
0 0.786719 0.179167 0.039062 0.045833
0 0.853906 0.193750 0.039062 0.045833
0 0.995313 0.178125 0.009375 0.027083
0 0.967187 0.284375 0.037500 0.056250
0 0.811719 0.307292 0.029687 0.043750
0 0.735938 0.232292 0.015625 0.022917
0 0.767969 0.229167 0.039062 0.050000
0 0.736719 0.260417 0.023438 0.025000
0 0.742188 0.350000 0.034375 0.037500
0 0.872656 0.379167 0.026562 0.025000
0 0.996094 0.407292 0.007812 0.022917
0 0.803906 0.525000 0.017188 0.033333
0 0.838281 0.518750 0.023438 0.029167
0 0.942969 0.560417 0.042188 0.037500
0 0.772656 0.602083 0.039062 0.041667
0 0.809375 0.591667 0.025000 0.029167
0 0.829688 0.600000 0.021875 0.037500
0 0.807031 0.667708 0.032813 0.027083
0 0.885156 0.663542 0.035937 0.027083
0 0.907813 0.650000 0.034375 0.033333
0 0.958594 0.715625 0.029687 0.035417
0 0.827344 0.727083 0.023438 0.029167
0 0.925000 0.788542 0.034375 0.039583
0 0.957031 0.827083 0.029687 0.029167
0 0.994531 0.840625 0.010937 0.027083
0 0.985938 0.881250 0.028125 0.041667
0 0.829688 0.893750 0.025000 0.037500
0 0.874219 0.970833 0.035937 0.058333
0 0.957812 0.943750 0.021875 0.037500
0 0.964844 0.981250 0.017188 0.020833
0 0.984375 0.983333 0.015625 0.029167
0 0.703125 0.902083 0.021875 0.020833
0 0.712500 0.923958 0.037500 0.027083
0 0.735156 0.967708 0.017188 0.022917
0 0.710938 0.984375 0.021875 0.022917
0 0.785156 0.992708 0.014063 0.014583
0 0.607812 0.987500 0.012500 0.025000
0 0.420312 0.948958 0.028125 0.039583
0 0.307031 0.939583 0.020313 0.020833
0 0.287500 0.980208 0.028125 0.039583
0 0.254688 0.990625 0.031250 0.018750
0 0.247656 0.898958 0.017188 0.022917
0 0.246094 0.843750 0.023438 0.025000
0 0.129688 0.961458 0.028125 0.022917
0 0.161719 0.983333 0.026562 0.029167
0 0.128125 0.991667 0.031250 0.016667
0 0.087500 0.925000 0.015625 0.025000
0 0.042188 0.967708 0.031250 0.035417
0 0.140625 0.788542 0.034375 0.027083
0 0.107813 0.761458 0.021875 0.039583
0 0.160938 0.713542 0.031250 0.035417
0 0.215625 0.713542 0.018750 0.027083
0 0.050000 0.726042 0.018750 0.027083
0 0.094531 0.657292 0.035937 0.056250
0 0.036719 0.650000 0.026562 0.029167
0 0.050000 0.608333 0.037500 0.033333
0 0.029687 0.579167 0.031250 0.033333
0 0.080469 0.563542 0.023438 0.022917
0 0.146094 0.556250 0.023438 0.033333
0 0.181250 0.551042 0.031250 0.043750
0 0.124219 0.518750 0.029687 0.025000
0 0.168750 0.495833 0.028125 0.029167
0 0.153906 0.434375 0.029687 0.035417
0 0.169531 0.389583 0.029687 0.045833
0 0.115625 0.400000 0.021875 0.033333
0 0.076563 0.362500 0.021875 0.020833
0 0.021094 0.434375 0.039062 0.068750
0 0.263281 0.263542 0.029687 0.027083
0 0.259375 0.229167 0.028125 0.029167
0 0.314063 0.169792 0.025000 0.027083
0 0.105469 0.188542 0.039062 0.064583
0 0.096094 0.277083 0.035937 0.050000
0 0.016406 0.181250 0.029687 0.066667
0 0.043750 0.147917 0.025000 0.041667
