0 0.019531 0.080208 0.035937 0.047917
0 0.067969 0.159375 0.039062 0.043750
0 0.022656 0.190625 0.029687 0.047917
0 0.053906 0.203125 0.032813 0.043750
0 0.037500 0.237500 0.046875 0.058333
0 0.013281 0.272917 0.023438 0.045833
0 0.028906 0.303125 0.026562 0.027083
0 0.136719 0.150000 0.035937 0.045833
0 0.197656 0.083333 0.042188 0.041667
0 0.171875 0.140625 0.025000 0.035417
0 0.191406 0.136458 0.035937 0.064583
0 0.225781 0.168750 0.032813 0.041667
0 0.316406 0.015625 0.023438 0.027083
0 0.398438 0.014583 0.028125 0.025000
0 0.409375 0.052083 0.031250 0.037500
0 0.357812 0.105208 0.028125 0.035417
0 0.378125 0.142708 0.034375 0.039583
0 0.516406 0.097917 0.045312 0.041667
0 0.520312 0.137500 0.037500 0.050000
0 0.594531 0.061458 0.039062 0.043750
0 0.600000 0.101042 0.031250 0.039583
0 0.702344 0.106250 0.039062 0.054167
0 0.750000 0.075000 0.025000 0.033333
0 0.832812 0.029167 0.031250 0.045833
0 0.882031 0.033333 0.042188 0.037500
0 0.910937 0.051042 0.028125 0.056250
0 0.854688 0.082292 0.043750 0.052083
0 0.915625 0.125000 0.031250 0.037500
0 0.832031 0.155208 0.020313 0.043750
0 0.853906 0.189583 0.039062 0.054167
0 0.967187 0.220833 0.043750 0.045833
0 0.939063 0.252083 0.025000 0.041667
0 0.939844 0.295833 0.026562 0.033333
0 0.938281 0.329167 0.035937 0.037500
0 0.796094 0.301042 0.154688 0.185417
0 0.870313 0.373958 0.040625 0.056250
0 0.648438 0.253125 0.043750 0.052083
0 0.556250 0.189583 0.025000 0.037500
0 0.573438 0.253125 0.043750 0.064583
0 0.450781 0.191667 0.023438 0.037500
0 0.482812 0.244792 0.031250 0.027083
0 0.398438 0.234375 0.037500 0.043750
0 0.242969 0.237500 0.042188 0.066667
0 0.200000 0.304167 0.040625 0.045833
0 0.239844 0.293750 0.026562 0.041667
0 0.277344 0.342708 0.029687 0.035417
0 0.321875 0.310417 0.043750 0.062500
0 0.387500 0.337500 0.034375 0.045833
0 0.452344 0.382292 0.032813 0.043750
0 0.489844 0.385417 0.029687 0.037500
0 0.546094 0.414583 0.045312 0.058333
0 0.630469 0.377083 0.045312 0.041667
0 0.708594 0.364583 0.026562 0.054167
0 0.740625 0.380208 0.031250 0.039583
0 0.173437 0.458333 0.153125 0.250000
0 0.281250 0.439583 0.031250 0.037500
0 0.315625 0.456250 0.046875 0.050000
0 0.351562 0.509375 0.053125 0.060417
0 0.442969 0.509375 0.023438 0.022917
0 0.492969 0.482292 0.039062 0.060417
0 0.450781 0.547917 0.039062 0.050000
0 0.516406 0.560417 0.023438 0.041667
0 0.575781 0.528125 0.029687 0.035417
0 0.661719 0.483333 0.042188 0.037500
0 0.823438 0.486458 0.046875 0.035417
0 0.740625 0.528125 0.031250 0.052083
0 0.690625 0.537500 0.028125 0.041667
0 0.803906 0.527083 0.032813 0.058333
0 0.838281 0.534375 0.042188 0.043750
0 0.950781 0.536458 0.051562 0.068750
0 0.907813 0.566667 0.028125 0.029167
0 0.978125 0.646875 0.034375 0.043750
0 0.994531 0.632292 0.010937 0.035417
0 0.906250 0.681250 0.028125 0.054167
0 0.949219 0.702083 0.029687 0.045833
0 0.860938 0.667708 0.028125 0.039583
0 0.697656 0.607292 0.014063 0.027083
0 0.608594 0.602083 0.026562 0.033333
0 0.664062 0.636458 0.025000 0.039583
0 0.683594 0.654167 0.020313 0.037500
0 0.739062 0.654167 0.028125 0.045833
0 0.762500 0.659375 0.031250 0.056250
0 0.871875 0.766667 0.021875 0.025000
0 0.988281 0.797917 0.023438 0.037500
0 0.969531 0.861458 0.026562 0.047917
0 0.894531 0.823958 0.026562 0.047917
0 0.027344 0.615625 0.026562 0.039583
0 0.100000 0.623958 0.046875 0.052083
0 0.097656 0.686458 0.032813 0.039583
0 0.231250 0.607292 0.050000 0.047917
0 0.325781 0.686458 0.026562 0.043750
0 0.350000 0.711458 0.046875 0.056250
0 0.299219 0.750000 0.032813 0.037500
0 0.421094 0.625000 0.026562 0.037500
0 0.482812 0.698958 0.103125 0.147917
0 0.599219 0.677083 0.026562 0.050000
0 0.707031 0.704167 0.045312 0.045833
0 0.800781 0.741667 0.032813 0.033333
0 0.823438 0.868750 0.018750 0.025000
0 0.875000 0.901042 0.021875 0.039583
0 0.922656 0.953125 0.154688 0.093750
0 0.757812 0.966667 0.018750 0.025000
0 0.761719 0.834375 0.023438 0.039583
0 0.714063 0.805208 0.018750 0.027083
0 0.703125 0.826042 0.028125 0.031250
0 0.620313 0.771875 0.053125 0.043750
0 0.560937 0.817708 0.025000 0.031250
0 0.150781 0.756250 0.042188 0.045833
0 0.144531 0.784375 0.032813 0.027083
0 0.184375 0.767708 0.037500 0.052083
0 0.045312 0.844792 0.025000 0.039583
0 0.051562 0.897917 0.037500 0.045833
0 0.096094 0.943750 0.026562 0.033333
0 0.009375 0.958333 0.015625 0.045833
0 0.125781 0.873958 0.035937 0.039583
0 0.159375 0.884375 0.040625 0.056250
0 0.250000 0.830208 0.031250 0.039583
0 0.302344 0.892708 0.039062 0.056250
0 0.357031 0.902083 0.035937 0.050000
0 0.439063 0.917708 0.037500 0.039583
0 0.435156 0.978125 0.045312 0.035417
0 0.531250 0.906250 0.028125 0.041667
0 0.553906 0.970833 0.026562 0.029167
0 0.633594 0.901042 0.032813 0.047917
0 0.617188 0.934375 0.025000 0.031250
0 0.658594 0.940625 0.029687 0.031250
0 0.649219 0.972917 0.023438 0.025000
0 0.734375 0.890625 0.025000 0.043750
