0 0.014844 0.050000 0.026562 0.050000
0 0.119531 0.053125 0.042188 0.047917
0 0.169531 0.022917 0.032813 0.041667
0 0.271875 0.027083 0.053125 0.050000
0 0.331250 0.010417 0.028125 0.016667
0 0.342969 0.064583 0.026562 0.041667
0 0.440625 0.035417 0.028125 0.033333
0 0.545312 0.075000 0.043750 0.054167
0 0.468750 0.007292 0.015625 0.010417
0 0.625781 0.046875 0.042188 0.056250
0 0.735938 0.009375 0.031250 0.014583
0 0.812500 0.018750 0.043750 0.033333
0 0.950000 0.011458 0.028125 0.018750
0 0.981250 0.126042 0.037500 0.206250
0 0.217188 0.240625 0.146875 0.197917
0 0.646875 0.406250 0.109375 0.250000
0 0.385937 0.934375 0.203125 0.131250
0 0.740625 0.088542 0.031250 0.035417
0 0.807813 0.091667 0.034375 0.041667
0 0.942969 0.063542 0.026562 0.047917
0 0.968750 0.154167 0.025000 0.025000
0 0.910937 0.168750 0.028125 0.033333
0 0.866406 0.188542 0.032813 0.031250
0 0.723437 0.152083 0.031250 0.033333
0 0.620313 0.157292 0.018750 0.014583
0 0.691406 0.233333 0.026562 0.050000
0 0.782031 0.258333 0.042188 0.045833
0 0.853125 0.310417 0.021875 0.029167
0 0.907813 0.313542 0.034375 0.043750
0 0.945312 0.327083 0.034375 0.037500
0 0.899219 0.372917 0.042188 0.070833
0 0.967187 0.419792 0.056250 0.060417
0 0.786719 0.339583 0.045312 0.041667
0 0.710156 0.334375 0.032813 0.052083
0 0.719531 0.418750 0.026562 0.029167
0 0.770312 0.467708 0.031250 0.039583
0 0.853125 0.515625 0.040625 0.047917
0 0.584375 0.273958 0.034375 0.035417
0 0.521094 0.216667 0.045312 0.050000
0 0.394531 0.157292 0.045312 0.047917
0 0.371875 0.190625 0.031250 0.047917
0 0.376563 0.232292 0.031250 0.031250
0 0.371875 0.268750 0.037500 0.041667
0 0.465625 0.342708 0.034375 0.093750
0 0.541406 0.371875 0.035937 0.035417
0 0.572656 0.458333 0.032813 0.041667
0 0.490625 0.451042 0.043750 0.043750
0 0.393750 0.480208 0.046875 0.064583
0 0.306250 0.318750 0.043750 0.058333
0 0.168750 0.332292 0.025000 0.043750
0 0.134375 0.321875 0.025000 0.052083
0 0.066406 0.208333 0.048438 0.050000
0 0.053125 0.330208 0.031250 0.035417
0 0.092969 0.443750 0.045312 0.029167
0 0.121094 0.496875 0.023438 0.043750
0 0.173437 0.488542 0.037500 0.060417
0 0.259375 0.437500 0.046875 0.041667
0 0.237500 0.475000 0.034375 0.050000
0 0.277344 0.487500 0.042188 0.045833
0 0.352344 0.516667 0.039062 0.025000
0 0.014063 0.497917 0.025000 0.037500
0 0.037500 0.566667 0.031250 0.029167
0 0.133594 0.571875 0.020313 0.018750
0 0.299219 0.619792 0.042188 0.052083
0 0.352344 0.633333 0.026562 0.054167
0 0.422656 0.594792 0.035937 0.039583
0 0.445312 0.579167 0.018750 0.037500
0 0.509375 0.578125 0.031250 0.043750
0 0.553125 0.553125 0.034375 0.052083
0 0.603906 0.554167 0.023438 0.029167
0 0.672656 0.560417 0.032813 0.037500
0 0.737500 0.570833 0.028125 0.029167
0 0.802344 0.608333 0.048438 0.045833
0 0.955469 0.631250 0.026562 0.037500
0 0.960938 0.666667 0.028125 0.033333
0 0.996875 0.571875 0.006250 0.018750
0 0.797656 0.697917 0.039062 0.054167
0 0.706250 0.602083 0.040625 0.058333
0 0.548438 0.650000 0.025000 0.033333
0 0.634375 0.689583 0.037500 0.045833
0 0.683594 0.693750 0.014063 0.020833
0 0.721875 0.687500 0.028125 0.033333
0 0.782813 0.785417 0.025000 0.025000
0 0.825000 0.815625 0.028125 0.031250
0 0.876563 0.798958 0.037500 0.043750
0 0.864062 0.843750 0.028125 0.037500
0 0.882031 0.908333 0.026562 0.029167
0 0.833594 0.933333 0.017188 0.020833
0 0.865625 0.976042 0.028125 0.039583
0 0.896094 0.963542 0.035937 0.043750
0 0.729688 0.864583 0.050000 0.058333
0 0.686719 0.868750 0.039062 0.054167
0 0.582031 0.756250 0.045312 0.041667
0 0.540625 0.740625 0.034375 0.056250
0 0.488281 0.675000 0.035937 0.041667
0 0.397656 0.654167 0.029687 0.037500
0 0.185156 0.610417 0.060937 0.054167
0 0.108594 0.605208 0.048438 0.052083
0 0.023438 0.645833 0.034375 0.041667
0 0.136719 0.664583 0.045312 0.054167
0 0.049219 0.745833 0.045312 0.050000
0 0.063281 0.880208 0.029687 0.047917
0 0.092969 0.923958 0.032813 0.039583
0 0.089063 0.952083 0.021875 0.025000
0 0.053125 0.916667 0.028125 0.037500
0 0.140625 0.788542 0.034375 0.043750
0 0.206250 0.801042 0.028125 0.035417
0 0.245312 0.703125 0.043750 0.043750
0 0.320312 0.728125 0.021875 0.027083
0 0.270313 0.837500 0.018750 0.029167
0 0.176563 0.862500 0.028125 0.033333
0 0.203125 0.937500 0.025000 0.020833
0 0.343750 0.785417 0.034375 0.050000
0 0.319531 0.859375 0.023438 0.035417
0 0.424219 0.822917 0.023438 0.045833
0 0.446094 0.747917 0.035937 0.037500
0 0.518750 0.863542 0.018750 0.018750
0 0.518750 0.926042 0.018750 0.022917
0 0.585938 0.921875 0.050000 0.085417
0 0.796875 0.984375 0.021875 0.027083
0 0.744531 0.992708 0.023438 0.014583
0 0.257031 0.098958 0.026562 0.047917
0 0.278906 0.139583 0.045312 0.062500
