0 0.082031 0.079167 0.045312 0.045833
0 0.084375 0.177083 0.037500 0.045833
0 0.191406 0.247917 0.026562 0.041667
0 0.154688 0.321875 0.056250 0.085417
0 0.095312 0.351042 0.053125 0.056250
0 0.392188 0.254167 0.046875 0.062500
0 0.891406 0.166667 0.026562 0.029167
0 0.903906 0.208333 0.051562 0.054167
0 0.949219 0.283333 0.029687 0.033333
0 0.910156 0.314583 0.035937 0.045833
0 0.883594 0.398958 0.039062 0.081250
0 0.995313 0.455208 0.009375 0.064583
0 0.939063 0.633333 0.050000 0.033333
0 0.912500 0.669792 0.062500 0.072917
0 0.950781 0.810417 0.039062 0.054167
0 0.852344 0.577083 0.035937 0.054167
0 0.064062 0.785417 0.125000 0.329167
0 0.727344 0.318750 0.029687 0.045833
0 0.685156 0.366667 0.032813 0.037500
0 0.705469 0.430208 0.039062 0.068750
0 0.789844 0.566667 0.032813 0.033333
0 0.613281 0.432292 0.032813 0.027083
0 0.565625 0.402083 0.034375 0.029167
0 0.562500 0.461458 0.031250 0.035417
0 0.623437 0.538542 0.046875 0.047917
0 0.454688 0.470833 0.031250 0.054167
0 0.495312 0.495833 0.068750 0.062500
0 0.542969 0.543750 0.073438 0.070833
0 0.594531 0.651042 0.026562 0.043750
0 0.703125 0.753125 0.050000 0.068750
0 0.758594 0.934375 0.039062 0.052083
0 0.802344 0.982292 0.054688 0.035417
0 0.641406 0.975000 0.045312 0.050000
0 0.478125 0.859375 0.056250 0.085417
0 0.372656 0.765625 0.067187 0.085417
0 0.338281 0.573958 0.048438 0.114583
0 0.089844 0.613542 0.064062 0.072917
0 0.120313 0.861458 0.056250 0.085417
0 0.070312 0.986458 0.043750 0.027083
0 0.362500 0.971875 0.050000 0.056250
