0 0.069531 0.201042 0.135937 0.306250
0 0.810937 0.375000 0.328125 0.329167
0 0.057031 0.018750 0.032813 0.033333
0 0.043750 0.457292 0.043750 0.039583
0 0.012500 0.764583 0.021875 0.045833
0 0.167969 0.150000 0.042188 0.050000
0 0.186719 0.010417 0.017188 0.016667
0 0.226562 0.209375 0.043750 0.056250
0 0.272656 0.237500 0.029687 0.054167
0 0.267969 0.323958 0.054688 0.072917
0 0.189062 0.492708 0.021875 0.035417
0 0.225781 0.568750 0.035937 0.045833
0 0.294531 0.456250 0.020313 0.033333
0 0.308594 0.472917 0.017188 0.025000
0 0.354687 0.570833 0.031250 0.058333
0 0.358594 0.375000 0.039062 0.050000
0 0.412500 0.393750 0.021875 0.025000
0 0.348438 0.040625 0.028125 0.077083
0 0.428906 0.018750 0.045312 0.033333
0 0.475000 0.084375 0.034375 0.047917
0 0.445312 0.190625 0.037500 0.056250
0 0.488281 0.233333 0.032813 0.045833
0 0.516406 0.311458 0.020313 0.027083
0 0.592969 0.316667 0.020313 0.025000
0 0.539062 0.184375 0.037500 0.060417
0 0.599219 0.192708 0.035937 0.068750
0 0.538281 0.125000 0.045312 0.045833
0 0.549219 0.067708 0.051562 0.056250
0 0.562500 0.018750 0.028125 0.033333
0 0.652344 0.088542 0.032813 0.056250
0 0.782031 0.032292 0.045312 0.060417
0 0.767969 0.127083 0.039062 0.058333
0 0.732812 0.178125 0.040625 0.052083
0 0.873437 0.060417 0.025000 0.033333
0 0.887500 0.105208 0.037500 0.039583
0 0.912500 0.094792 0.025000 0.047917
0 0.895312 0.156250 0.043750 0.058333
0 0.947656 0.137500 0.032813 0.050000
0 0.978125 0.141667 0.028125 0.041667
0 0.949219 0.175000 0.032813 0.045833
0 0.979688 0.492708 0.021875 0.027083
0 0.996094 0.472917 0.007812 0.029167
0 0.576562 0.377083 0.021875 0.029167
0 0.510938 0.510417 0.040625 0.054167
0 0.534375 0.530208 0.043750 0.047917
0 0.485156 0.526042 0.014063 0.027083
0 0.579688 0.590625 0.028125 0.035417
0 0.539844 0.609375 0.020313 0.022917
0 0.564844 0.642708 0.026562 0.035417
0 0.620313 0.675000 0.050000 0.062500
0 0.707812 0.682292 0.046875 0.064583
0 0.604688 0.740625 0.050000 0.064583
0 0.563281 0.748958 0.017188 0.022917
0 0.571094 0.784375 0.029687 0.039583
0 0.664844 0.832292 0.039062 0.060417
0 0.587500 0.906250 0.037500 0.054167
0 0.755469 0.915625 0.042188 0.047917
0 0.860156 0.770833 0.060937 0.070833
0 0.908594 0.615625 0.067187 0.085417
0 0.943750 0.705208 0.034375 0.047917
0 0.975000 0.684375 0.031250 0.052083
0 0.987500 0.569792 0.025000 0.035417
0 0.926562 0.921875 0.034375 0.035417
0 0.955469 0.803125 0.032813 0.052083
0 0.979688 0.948958 0.040625 0.056250
0 0.952344 0.991667 0.026562 0.016667
