0 0.252344 0.273958 0.157812 0.197917
0 0.872656 0.796875 0.245312 0.289583
0 0.062500 0.060417 0.018750 0.025000
0 0.031250 0.028125 0.028125 0.022917
0 0.019531 0.010417 0.026562 0.016667
0 0.092969 0.007292 0.017188 0.010417
0 0.177344 0.014583 0.039062 0.025000
0 0.207031 0.009375 0.017188 0.014583
0 0.314844 0.018750 0.029687 0.033333
0 0.351562 0.013542 0.034375 0.022917
0 0.703125 0.013542 0.015625 0.022917
0 0.816406 0.015625 0.023438 0.027083
0 0.842969 0.004167 0.017188 0.004167
0 0.896094 0.022917 0.017188 0.016667
0 0.987500 0.017708 0.025000 0.031250
0 0.878906 0.105208 0.026562 0.043750
0 0.801562 0.065625 0.028125 0.052083
0 0.688281 0.079167 0.026562 0.041667
0 0.676562 0.041667 0.025000 0.025000
0 0.631250 0.079167 0.015625 0.020833
0 0.601562 0.058333 0.021875 0.020833
0 0.597656 0.097917 0.023438 0.020833
0 0.634375 0.141667 0.028125 0.029167
0 0.584375 0.144792 0.040625 0.043750
0 0.553125 0.114583 0.031250 0.033333
0 0.528906 0.097917 0.014063 0.037500
0 0.736719 0.165625 0.020313 0.018750
0 0.777344 0.173958 0.023438 0.035417
0 0.816406 0.227083 0.051562 0.058333
0 0.956250 0.187500 0.040625 0.041667
0 0.924219 0.296875 0.042188 0.043750
0 0.989062 0.321875 0.021875 0.052083
0 0.832812 0.319792 0.031250 0.035417
0 0.921875 0.347917 0.028125 0.020833
0 0.679688 0.279167 0.037500 0.037500
0 0.615625 0.211458 0.018750 0.022917
0 0.459375 0.154167 0.031250 0.070833
0 0.475781 0.275000 0.042188 0.054167
0 0.542969 0.336458 0.042188 0.056250
0 0.326562 0.320833 0.034375 0.045833
0 0.310937 0.178125 0.040625 0.047917
0 0.091406 0.312500 0.045312 0.045833
0 0.060156 0.158333 0.051562 0.054167
0 0.078125 0.116667 0.050000 0.045833
0 0.021094 0.280208 0.039062 0.047917
0 0.296875 0.409375 0.040625 0.039583
0 0.210938 0.454167 0.037500 0.045833
0 0.153125 0.460417 0.034375 0.050000
0 0.069531 0.480208 0.051562 0.047917
0 0.100781 0.518750 0.045312 0.050000
0 0.039062 0.539583 0.046875 0.070833
0 0.636719 0.408333 0.032813 0.029167
0 0.708594 0.389583 0.026562 0.037500
0 0.738281 0.433333 0.042188 0.045833
0 0.800781 0.476042 0.073438 0.068750
0 0.908594 0.418750 0.039062 0.037500
0 0.993750 0.434375 0.012500 0.035417
0 0.900781 0.462500 0.032813 0.033333
0 0.926562 0.484375 0.031250 0.064583
0 0.970313 0.537500 0.053125 0.050000
0 0.992188 0.519792 0.015625 0.039583
0 0.473438 0.403125 0.034375 0.052083
0 0.327344 0.476042 0.042188 0.043750
0 0.217188 0.520833 0.028125 0.033333
0 0.099219 0.632292 0.032813 0.047917
0 0.122656 0.684375 0.051562 0.068750
0 0.177344 0.656250 0.039062 0.037500
0 0.264062 0.626042 0.031250 0.035417
0 0.350781 0.546875 0.048438 0.052083
0 0.385156 0.602083 0.039062 0.041667
0 0.480469 0.577083 0.029687 0.037500
0 0.510156 0.492708 0.032813 0.035417
0 0.458594 0.459375 0.035937 0.031250
0 0.438281 0.481250 0.039062 0.033333
0 0.632812 0.448958 0.046875 0.043750
0 0.681250 0.515625 0.021875 0.027083
0 0.726562 0.551042 0.046875 0.043750
0 0.847656 0.607292 0.026562 0.031250
0 0.656250 0.588542 0.034375 0.035417
0 0.695312 0.651042 0.068750 0.056250
0 0.965625 0.866667 0.037500 0.050000
0 0.869531 0.967708 0.032813 0.047917
0 0.711719 0.935417 0.045312 0.054167
0 0.656250 0.919792 0.043750 0.068750
0 0.687500 0.728125 0.046875 0.052083
0 0.573438 0.757292 0.040625 0.043750
0 0.560156 0.798958 0.029687 0.035417
0 0.584375 0.806250 0.028125 0.041667
0 0.486719 0.695833 0.029687 0.045833
0 0.474219 0.742708 0.035937 0.043750
0 0.411719 0.665625 0.045312 0.035417
0 0.412500 0.708333 0.040625 0.050000
0 0.246094 0.663542 0.017188 0.027083
0 0.346094 0.677083 0.039062 0.041667
0 0.192188 0.711458 0.034375 0.035417
0 0.231250 0.754167 0.034375 0.054167
0 0.189844 0.769792 0.029687 0.039583
0 0.208594 0.819792 0.042188 0.052083
0 0.074219 0.747917 0.026562 0.050000
0 0.120313 0.815625 0.056250 0.068750
0 0.042969 0.890625 0.054688 0.052083
0 0.096875 0.921875 0.046875 0.043750
0 0.143750 0.882292 0.043750 0.052083
0 0.294531 0.866667 0.029687 0.041667
0 0.364844 0.817708 0.035937 0.047917
0 0.415625 0.830208 0.037500 0.056250
0 0.461719 0.879167 0.045312 0.062500
0 0.372656 0.922917 0.039062 0.054167
