0 0.031250 0.033333 0.059375 0.062500
0 0.155469 0.025000 0.051562 0.045833
0 0.430469 0.021875 0.042188 0.039583
0 0.639844 0.028125 0.042188 0.047917
0 0.791406 0.064583 0.035937 0.050000
0 0.952344 0.068750 0.054688 0.066667
0 0.954688 0.010417 0.018750 0.016667
0 0.994531 0.050000 0.010937 0.054167
0 0.892969 0.241667 0.048438 0.054167
0 0.953125 0.329167 0.050000 0.062500
0 0.989062 0.369792 0.021875 0.047917
0 0.975781 0.466667 0.048438 0.091667
0 0.986719 0.631250 0.026562 0.045833
0 0.866406 0.638542 0.032813 0.047917
0 0.891406 0.728125 0.042188 0.052083
0 0.713281 0.566667 0.054688 0.054167
0 0.746094 0.264583 0.220312 0.387500
0 0.633594 0.258333 0.026562 0.041667
0 0.617969 0.117708 0.032813 0.064583
0 0.411719 0.119792 0.045312 0.064583
0 0.319531 0.094792 0.039062 0.056250
0 0.282813 0.187500 0.043750 0.050000
0 0.221875 0.291667 0.043750 0.066667
0 0.056250 0.322917 0.043750 0.054167
0 0.122656 0.535417 0.139063 0.362500
0 0.021094 0.577083 0.039062 0.045833
0 0.228125 0.446875 0.043750 0.068750
0 0.197656 0.460417 0.023438 0.062500
0 0.343750 0.357292 0.059375 0.077083
0 0.489063 0.282292 0.046875 0.064583
0 0.552344 0.259375 0.039062 0.060417
0 0.339062 0.475000 0.056250 0.058333
0 0.447656 0.452083 0.026562 0.037500
0 0.519531 0.473958 0.054688 0.064583
0 0.578125 0.505208 0.056250 0.047917
0 0.495312 0.554167 0.050000 0.100000
0 0.230469 0.577083 0.032813 0.045833
0 0.294531 0.652083 0.039062 0.058333
0 0.042188 0.737500 0.031250 0.045833
0 0.137500 0.763542 0.037500 0.064583
0 0.178125 0.831250 0.053125 0.075000
0 0.227344 0.801042 0.039062 0.056250
0 0.309375 0.864583 0.056250 0.075000
0 0.400781 0.750000 0.042188 0.075000
0 0.589844 0.642708 0.070312 0.093750
0 0.624219 0.876042 0.029687 0.039583
0 0.540625 0.953125 0.034375 0.052083
0 0.534375 0.989583 0.034375 0.020833
0 0.299219 0.980208 0.035937 0.039583
0 0.064062 0.938542 0.059375 0.068750
0 0.134375 0.954167 0.021875 0.025000
0 0.190625 0.952083 0.043750 0.045833
0 0.131250 0.167708 0.021875 0.027083
