0 0.071094 0.087500 0.139063 0.170833
0 0.020313 0.380208 0.037500 0.068750
0 0.150000 0.272917 0.043750 0.045833
0 0.171094 0.310417 0.042188 0.075000
0 0.242969 0.257292 0.045312 0.064583
0 0.259375 0.041667 0.040625 0.058333
0 0.325000 0.027083 0.040625 0.050000
0 0.291406 0.095833 0.035937 0.037500
0 0.310937 0.136458 0.021875 0.039583
0 0.453125 0.118750 0.037500 0.050000
0 0.482812 0.073958 0.034375 0.052083
0 0.596094 0.031250 0.067187 0.058333
0 0.594531 0.134375 0.051562 0.068750
0 0.625781 0.105208 0.039062 0.056250
0 0.743750 0.048958 0.037500 0.043750
0 0.760156 0.092708 0.039062 0.056250
0 0.873437 0.052083 0.059375 0.066667
0 0.982812 0.014583 0.034375 0.025000
0 0.932813 0.088542 0.031250 0.031250
0 0.965625 0.091667 0.018750 0.020833
0 0.884375 0.145833 0.031250 0.045833
0 0.961719 0.230208 0.051562 0.060417
0 0.989844 0.156250 0.020313 0.050000
0 0.913281 0.342708 0.051562 0.047917
0 0.989844 0.365625 0.020313 0.031250
0 0.823438 0.473958 0.046875 0.056250
0 0.870313 0.488542 0.037500 0.047917
0 0.988281 0.570833 0.023438 0.045833
0 0.996094 0.618750 0.007812 0.025000
0 0.957812 0.645833 0.046875 0.066667
0 0.995313 0.870833 0.009375 0.045833
0 0.908594 0.938542 0.032813 0.043750
0 0.903125 0.983333 0.034375 0.033333
0 0.870313 0.790625 0.056250 0.077083
0 0.814063 0.922917 0.056250 0.087500
0 0.767969 0.944792 0.042188 0.081250
0 0.719531 0.983333 0.035937 0.033333
0 0.803125 0.726042 0.068750 0.043750
0 0.813281 0.635417 0.067187 0.054167
0 0.706250 0.834375 0.037500 0.072917
0 0.700781 0.739583 0.054688 0.041667
0 0.612500 0.631250 0.043750 0.058333
0 0.734375 0.337500 0.200000 0.329167
0 0.535937 0.269792 0.046875 0.072917
0 0.543750 0.379167 0.034375 0.050000
0 0.521094 0.540625 0.035937 0.060417
0 0.553125 0.556250 0.031250 0.033333
0 0.538281 0.640625 0.035937 0.052083
0 0.593750 0.802083 0.034375 0.041667
0 0.522656 0.817708 0.042188 0.052083
0 0.589063 0.954167 0.031250 0.050000
0 0.514844 0.944792 0.048438 0.064583
0 0.474219 0.787500 0.042188 0.045833
0 0.389844 0.660417 0.164062 0.195833
0 0.330469 0.284375 0.032813 0.039583
0 0.364063 0.312500 0.031250 0.029167
0 0.435937 0.340625 0.037500 0.043750
0 0.423438 0.514583 0.028125 0.050000
0 0.465625 0.464583 0.043750 0.058333
0 0.365625 0.378125 0.050000 0.085417
0 0.392188 0.400000 0.028125 0.033333
0 0.321094 0.484375 0.039062 0.064583
0 0.254688 0.521875 0.037500 0.043750
0 0.241406 0.604167 0.039062 0.062500
0 0.307031 0.763542 0.039062 0.052083
0 0.275000 0.795833 0.034375 0.037500
0 0.217969 0.710417 0.042188 0.045833
0 0.248438 0.711458 0.031250 0.035417
0 0.275781 0.208333 0.029687 0.041667
0 0.142187 0.518750 0.046875 0.062500
0 0.052344 0.528125 0.045312 0.052083
0 0.032813 0.576042 0.050000 0.060417
0 0.146094 0.642708 0.020313 0.035417
0 0.102344 0.702083 0.048438 0.066667
0 0.164062 0.779167 0.040625 0.045833
0 0.137500 0.966667 0.056250 0.066667
0 0.196094 0.992708 0.026562 0.014583
0 0.354687 0.967708 0.037500 0.047917
0 0.400781 0.938542 0.035937 0.064583
0 0.417187 0.993750 0.018750 0.012500
0 0.614844 0.993750 0.020313 0.012500
