0 0.073438 0.071875 0.034375 0.043750
0 0.056250 0.125000 0.028125 0.050000
0 0.082812 0.120833 0.031250 0.041667
0 0.207031 0.122917 0.048438 0.054167
0 0.156250 0.183333 0.031250 0.029167
0 0.042188 0.220833 0.034375 0.041667
0 0.111719 0.236458 0.029687 0.039583
0 0.061719 0.343750 0.029687 0.041667
0 0.026562 0.432292 0.034375 0.039583
0 0.025781 0.541667 0.020313 0.029167
0 0.022656 0.636458 0.042188 0.052083
0 0.066406 0.681250 0.039062 0.050000
0 0.098437 0.888542 0.031250 0.047917
0 0.159375 0.841667 0.021875 0.025000
0 0.020313 0.808333 0.012500 0.016667
0 0.060156 0.785417 0.014063 0.016667
0 0.010156 0.951042 0.017188 0.047917
0 0.106250 0.959375 0.031250 0.035417
0 0.200000 0.904167 0.043750 0.054167
0 0.237500 0.848958 0.037500 0.031250
0 0.307031 0.817708 0.032813 0.039583
0 0.310937 0.859375 0.031250 0.035417
0 0.343750 0.840625 0.034375 0.031250
0 0.350000 0.794792 0.031250 0.039583
0 0.371094 0.807292 0.017188 0.027083
0 0.371875 0.968750 0.031250 0.050000
0 0.380469 0.883333 0.017188 0.029167
0 0.408594 0.905208 0.045312 0.035417
0 0.476562 0.872917 0.043750 0.041667
0 0.459375 0.928125 0.034375 0.043750
0 0.305469 0.093750 0.035937 0.045833
0 0.153125 0.266667 0.031250 0.058333
0 0.107813 0.358333 0.018750 0.025000
0 0.084375 0.439583 0.021875 0.029167
0 0.152344 0.389583 0.032813 0.045833
0 0.199219 0.635417 0.210938 0.312500
0 0.224219 0.442708 0.032813 0.043750
0 0.242188 0.376042 0.031250 0.035417
0 0.202344 0.286458 0.032813 0.039583
0 0.230469 0.228125 0.032813 0.043750
0 0.308594 0.211458 0.032813 0.043750
0 0.300000 0.025000 0.046875 0.045833
0 0.292187 0.311458 0.037500 0.039583
0 0.321094 0.545833 0.014063 0.025000
0 0.360938 0.515625 0.040625 0.056250
0 0.345313 0.651042 0.034375 0.039583
0 0.392188 0.734375 0.034375 0.039583
0 0.419531 0.690625 0.039062 0.043750
0 0.397656 0.844792 0.020313 0.027083
0 0.369531 0.108333 0.042188 0.037500
0 0.351562 0.208333 0.034375 0.045833
0 0.410156 0.206250 0.029687 0.029167
0 0.443750 0.093750 0.090625 0.183333
0 0.500781 0.043750 0.023438 0.033333
0 0.546875 0.009375 0.037500 0.014583
0 0.346094 0.289583 0.029687 0.037500
0 0.335156 0.376042 0.035937 0.060417
0 0.366406 0.390625 0.035937 0.039583
0 0.423438 0.326042 0.040625 0.047917
0 0.463281 0.228125 0.039062 0.043750
0 0.486719 0.272917 0.042188 0.045833
0 0.388281 0.452083 0.010937 0.025000
0 0.375781 0.569792 0.042188 0.031250
0 0.564844 0.130208 0.035937 0.039583
0 0.681250 0.038542 0.037500 0.056250
0 0.629687 0.175000 0.034375 0.050000
0 0.546875 0.244792 0.028125 0.035417
0 0.563281 0.298958 0.039062 0.035417
0 0.600781 0.278125 0.039062 0.056250
0 0.488281 0.350000 0.020313 0.020833
0 0.504687 0.325000 0.028125 0.033333
0 0.470313 0.493750 0.034375 0.041667
0 0.503125 0.489583 0.034375 0.054167
0 0.484375 0.652083 0.025000 0.033333
0 0.521875 0.622917 0.034375 0.033333
0 0.542188 0.659375 0.034375 0.043750
0 0.460938 0.819792 0.034375 0.039583
0 0.488281 0.811458 0.029687 0.039583
0 0.545312 0.987500 0.037500 0.025000
0 0.622656 0.940625 0.026562 0.031250
0 0.633594 0.979167 0.026562 0.037500
0 0.546875 0.772917 0.028125 0.037500
0 0.608594 0.795833 0.026562 0.037500
0 0.631250 0.805208 0.021875 0.039583
0 0.584375 0.693750 0.031250 0.054167
0 0.653125 0.745833 0.028125 0.037500
0 0.699219 0.742708 0.020313 0.031250
0 0.730469 0.855208 0.023438 0.027083
0 0.733594 0.912500 0.020313 0.025000
0 0.783594 0.952083 0.017188 0.020833
0 0.896094 0.939583 0.029687 0.025000
0 0.744531 0.994792 0.020313 0.010417
0 0.565625 0.422917 0.025000 0.025000
0 0.609375 0.563542 0.018750 0.022917
0 0.632812 0.593750 0.028125 0.029167
0 0.662500 0.589583 0.031250 0.037500
0 0.603906 0.444792 0.020313 0.031250
0 0.644531 0.436458 0.035937 0.039583
0 0.711719 0.316667 0.029687 0.029167
0 0.753125 0.330208 0.018750 0.027083
0 0.792188 0.244792 0.021875 0.027083
0 0.744531 0.089583 0.045312 0.058333
0 0.910937 0.130208 0.028125 0.027083
0 0.814063 0.022917 0.037500 0.041667
0 0.989062 0.043750 0.018750 0.025000
0 0.917188 0.012500 0.018750 0.020833
0 0.995313 0.067708 0.009375 0.018750
0 0.556250 0.625000 0.018750 0.025000
0 0.650000 0.541667 0.021875 0.029167
0 0.621875 0.481250 0.025000 0.029167
0 0.135156 0.466667 0.026562 0.029167
0 0.300000 0.478125 0.018750 0.018750
0 0.528906 0.688542 0.020313 0.022917
0 0.249219 0.995833 0.032813 0.008333
