0 0.410156 0.441667 0.126562 0.208333
0 0.655469 0.639583 0.092188 0.129167
0 0.918750 0.302083 0.140625 0.158333
0 0.396875 0.942708 0.106250 0.114583
0 0.977344 0.907292 0.045312 0.172917
0 0.197656 0.078125 0.029687 0.031250
0 0.773438 0.014583 0.031250 0.025000
0 0.964063 0.081250 0.043750 0.045833
0 0.966406 0.120833 0.048438 0.033333
0 0.846094 0.142708 0.029687 0.039583
0 0.862500 0.175000 0.021875 0.029167
0 0.732812 0.106250 0.034375 0.041667
0 0.801562 0.170833 0.031250 0.029167
0 0.966406 0.208333 0.039062 0.050000
0 0.875000 0.377083 0.021875 0.029167
0 0.832812 0.356250 0.025000 0.029167
0 0.812500 0.272917 0.034375 0.041667
0 0.732031 0.279167 0.029687 0.045833
0 0.704688 0.171875 0.025000 0.031250
0 0.684375 0.172917 0.025000 0.037500
0 0.609375 0.066667 0.025000 0.029167
0 0.603125 0.098958 0.025000 0.035417
0 0.575781 0.101042 0.029687 0.039583
0 0.528906 0.065625 0.023438 0.031250
0 0.571875 0.173958 0.037500 0.039583
0 0.625000 0.225000 0.025000 0.025000
0 0.654687 0.264583 0.021875 0.029167
0 0.780469 0.373958 0.026562 0.035417
0 0.981250 0.369792 0.031250 0.039583
0 0.942187 0.461458 0.034375 0.035417
0 0.878125 0.490625 0.034375 0.043750
0 0.816406 0.468750 0.029687 0.041667
0 0.829688 0.516667 0.025000 0.033333
0 0.835938 0.544792 0.018750 0.022917
0 0.911719 0.588542 0.035937 0.039583
0 0.922656 0.509375 0.023438 0.047917
0 0.948438 0.502083 0.037500 0.029167
0 0.970313 0.604167 0.034375 0.041667
0 0.996094 0.553125 0.007812 0.014583
0 0.995313 0.625000 0.009375 0.050000
0 0.992188 0.730208 0.015625 0.027083
0 0.961719 0.706250 0.014063 0.020833
0 0.923438 0.687500 0.031250 0.037500
0 0.869531 0.601042 0.032813 0.039583
0 0.805469 0.591667 0.020313 0.033333
0 0.820312 0.593750 0.021875 0.041667
0 0.841406 0.642708 0.039062 0.043750
0 0.852344 0.726042 0.020313 0.027083
0 0.831250 0.739583 0.018750 0.029167
0 0.890625 0.765625 0.034375 0.031250
0 0.942969 0.776042 0.017188 0.022917
0 0.888281 0.860417 0.020313 0.029167
0 0.867969 0.800000 0.026562 0.033333
0 0.887500 0.943750 0.046875 0.045833
0 0.925781 0.978125 0.032813 0.043750
0 0.837500 0.922917 0.018750 0.016667
0 0.835156 0.973958 0.042188 0.052083
0 0.783594 0.936458 0.048438 0.039583
0 0.804688 0.885417 0.028125 0.020833
0 0.804688 0.838542 0.031250 0.035417
0 0.781250 0.800000 0.037500 0.037500
0 0.769531 0.834375 0.026562 0.035417
0 0.771875 0.701042 0.056250 0.047917
0 0.754687 0.623958 0.031250 0.035417
0 0.750000 0.550000 0.021875 0.037500
0 0.734375 0.504167 0.021875 0.033333
0 0.717187 0.415625 0.034375 0.047917
0 0.661719 0.379167 0.026562 0.037500
0 0.588281 0.258333 0.029687 0.033333
0 0.586719 0.333333 0.020313 0.050000
0 0.661719 0.452083 0.029687 0.045833
0 0.635156 0.387500 0.035937 0.025000
0 0.628125 0.483333 0.018750 0.016667
0 0.658594 0.548958 0.029687 0.039583
0 0.698438 0.535417 0.028125 0.029167
0 0.724219 0.743750 0.029687 0.029167
0 0.698438 0.811458 0.025000 0.039583
0 0.709375 0.835417 0.021875 0.025000
0 0.688281 0.919792 0.039062 0.047917
0 0.622656 0.816667 0.029687 0.033333
0 0.530469 0.600000 0.042188 0.041667
0 0.553125 0.801042 0.034375 0.043750
0 0.584375 0.902083 0.031250 0.033333
0 0.623437 0.875000 0.037500 0.037500
0 0.648438 0.911458 0.050000 0.039583
0 0.640625 0.976042 0.031250 0.039583
0 0.752344 0.989583 0.035937 0.020833
0 0.532031 0.325000 0.032813 0.058333
0 0.508594 0.427083 0.026562 0.037500
0 0.527344 0.443750 0.035937 0.041667
0 0.554688 0.502083 0.040625 0.050000
0 0.503125 0.671875 0.028125 0.035417
0 0.464844 0.647917 0.026562 0.033333
0 0.478125 0.664583 0.021875 0.041667
0 0.446094 0.516667 0.039062 0.037500
0 0.457813 0.568750 0.040625 0.045833
0 0.510156 0.797917 0.026562 0.054167
0 0.471875 0.746875 0.021875 0.031250
0 0.396094 0.626042 0.035937 0.035417
0 0.350781 0.575000 0.045312 0.041667
0 0.416406 0.696875 0.035937 0.039583
0 0.383594 0.680208 0.035937 0.039583
0 0.382031 0.709375 0.032813 0.031250
0 0.377344 0.785417 0.029687 0.041667
0 0.398438 0.790625 0.031250 0.052083
0 0.482812 0.911458 0.034375 0.031250
0 0.589844 0.958333 0.023438 0.033333
0 0.549219 0.992708 0.017188 0.014583
0 0.442188 0.913542 0.031250 0.047917
0 0.464062 0.936458 0.034375 0.035417
0 0.270313 0.880208 0.025000 0.035417
0 0.310156 0.792708 0.032813 0.039583
0 0.302344 0.747917 0.026562 0.029167
0 0.329688 0.740625 0.034375 0.027083
0 0.279687 0.568750 0.018750 0.037500
0 0.437500 0.316667 0.034375 0.037500
0 0.455469 0.303125 0.023438 0.031250
0 0.455469 0.260417 0.045312 0.058333
0 0.447656 0.197917 0.026562 0.025000
0 0.436719 0.116667 0.039062 0.033333
0 0.399219 0.136458 0.035937 0.047917
0 0.301563 0.107292 0.034375 0.039583
0 0.292969 0.184375 0.029687 0.039583
0 0.367969 0.197917 0.035937 0.045833
0 0.305469 0.232292 0.032813 0.035417
0 0.237500 0.218750 0.031250 0.029167
0 0.150000 0.227083 0.028125 0.054167
0 0.168750 0.259375 0.028125 0.072917
0 0.201563 0.308333 0.046875 0.045833
0 0.246875 0.373958 0.040625 0.039583
0 0.100000 0.331250 0.034375 0.066667
0 0.109375 0.380208 0.034375 0.031250
0 0.112500 0.415625 0.037500 0.031250
0 0.193750 0.442708 0.040625 0.043750
0 0.250000 0.466667 0.028125 0.029167
0 0.150000 0.503125 0.046875 0.072917
0 0.200781 0.533333 0.026562 0.025000
0 0.245312 0.543750 0.040625 0.050000
0 0.224219 0.579167 0.029687 0.058333
0 0.200000 0.595833 0.028125 0.037500
0 0.187500 0.639583 0.028125 0.050000
0 0.152344 0.650000 0.039062 0.045833
0 0.238281 0.675000 0.035937 0.045833
0 0.232813 0.708333 0.031250 0.033333
0 0.210156 0.756250 0.035937 0.029167
0 0.147656 0.760417 0.042188 0.033333
0 0.090625 0.859375 0.031250 0.043750
0 0.210156 0.777083 0.032813 0.020833
0 0.234375 0.852083 0.034375 0.058333
0 0.225000 0.888542 0.031250 0.031250
0 0.178906 0.900000 0.020313 0.020833
0 0.139844 0.898958 0.039062 0.043750
0 0.050781 0.968750 0.029687 0.041667
0 0.140625 0.965625 0.037500 0.039583
0 0.239844 0.992708 0.029687 0.014583
0 0.301563 0.271875 0.031250 0.043750
0 0.281250 0.275000 0.037500 0.037500
0 0.289844 0.308333 0.023438 0.025000
0 0.411719 0.183333 0.023438 0.041667
0 0.620313 0.532292 0.031250 0.043750
0 0.985156 0.801042 0.029687 0.031250
