0 0.062500 0.041667 0.037500 0.037500
0 0.066406 0.129167 0.032813 0.033333
0 0.137500 0.191667 0.025000 0.033333
0 0.070312 0.275000 0.040625 0.054167
0 0.125781 0.294792 0.054688 0.072917
0 0.050781 0.614583 0.098437 0.254167
0 0.231250 0.428125 0.059375 0.068750
0 0.073438 0.478125 0.046875 0.068750
0 0.103125 0.676042 0.050000 0.064583
0 0.058594 0.793750 0.045312 0.045833
0 0.097656 0.882292 0.054688 0.052083
0 0.128125 0.968750 0.059375 0.062500
0 0.310156 0.189583 0.039062 0.050000
0 0.346875 0.386458 0.034375 0.039583
0 0.294531 0.613542 0.057813 0.072917
0 0.291406 0.777083 0.042188 0.066667
0 0.269531 0.857292 0.029687 0.056250
0 0.246875 0.883333 0.037500 0.041667
0 0.339844 0.907292 0.035937 0.052083
0 0.311719 0.991667 0.029687 0.016667
0 0.414062 0.378125 0.050000 0.047917
0 0.446875 0.422917 0.053125 0.058333
0 0.457031 0.301042 0.026562 0.031250
0 0.465625 0.359375 0.025000 0.035417
0 0.509375 0.344792 0.018750 0.031250
0 0.509375 0.456250 0.037500 0.041667
0 0.486719 0.520833 0.023438 0.025000
0 0.392969 0.686458 0.051562 0.068750
0 0.500781 0.840625 0.048438 0.068750
0 0.510938 0.779167 0.040625 0.037500
0 0.576562 0.919792 0.031250 0.031250
0 0.552344 0.994792 0.020313 0.010417
0 0.632031 0.969792 0.054688 0.052083
0 0.567187 0.603125 0.046875 0.052083
0 0.612500 0.745833 0.031250 0.041667
0 0.642188 0.801042 0.050000 0.064583
0 0.732812 0.853125 0.087500 0.106250
0 0.557031 0.292708 0.023438 0.031250
0 0.580469 0.281250 0.020313 0.033333
0 0.575000 0.334375 0.037500 0.060417
0 0.728906 0.120833 0.029687 0.033333
0 0.731250 0.152083 0.050000 0.041667
0 0.903906 0.103125 0.039062 0.052083
0 0.968750 0.221875 0.059375 0.081250
0 0.737500 0.240625 0.031250 0.039583
0 0.767188 0.221875 0.025000 0.027083
0 0.841406 0.255208 0.023438 0.027083
0 0.840625 0.312500 0.053125 0.041667
0 0.719531 0.317708 0.039062 0.064583
0 0.645312 0.456250 0.028125 0.029167
0 0.689844 0.454167 0.039062 0.037500
0 0.759375 0.500000 0.040625 0.033333
0 0.925000 0.471875 0.053125 0.064583
0 0.726562 0.532292 0.053125 0.056250
0 0.760938 0.646875 0.034375 0.039583
0 0.891406 0.618750 0.057813 0.054167
0 0.985156 0.645833 0.029687 0.062500
0 0.904687 0.701042 0.028125 0.035417
0 0.878125 0.779167 0.056250 0.050000
0 0.844531 0.861458 0.039062 0.056250
0 0.907031 0.846875 0.064062 0.068750
0 0.993750 0.795833 0.012500 0.037500
0 0.984375 0.871875 0.031250 0.047917
0 0.962500 0.933333 0.068750 0.070833
0 0.996094 0.264583 0.007812 0.029167
