0 0.570312 0.104167 0.218750 0.204167
0 0.085156 0.069792 0.073438 0.093750
0 0.075781 0.217708 0.067187 0.064583
0 0.207031 0.188542 0.039062 0.039583
0 0.300781 0.220833 0.067187 0.075000
0 0.362500 0.258333 0.062500 0.062500
0 0.267969 0.315625 0.064062 0.110417
0 0.378125 0.427083 0.084375 0.104167
0 0.023438 0.435417 0.043750 0.079167
0 0.147656 0.554167 0.048438 0.083333
0 0.032031 0.704167 0.060937 0.095833
0 0.018750 0.836458 0.034375 0.052083
0 0.312500 0.804167 0.040625 0.054167
0 0.312500 0.860417 0.043750 0.050000
0 0.417187 0.709375 0.046875 0.039583
0 0.526563 0.328125 0.059375 0.068750
0 0.813281 0.060417 0.048438 0.079167
0 0.871875 0.113542 0.050000 0.064583
0 0.851562 0.229167 0.078125 0.100000
0 0.965625 0.328125 0.056250 0.068750
0 0.857812 0.418750 0.031250 0.037500
0 0.871875 0.443750 0.028125 0.033333
0 0.916406 0.591667 0.051562 0.079167
0 0.709375 0.425000 0.034375 0.045833
0 0.736719 0.537500 0.042188 0.058333
