0 0.032813 0.021875 0.062500 0.039583
0 0.023438 0.121875 0.043750 0.081250
0 0.071875 0.211458 0.081250 0.089583
0 0.180469 0.165625 0.042188 0.064583
0 0.357031 0.041667 0.060937 0.079167
0 0.290625 0.238542 0.075000 0.093750
0 0.220312 0.270833 0.075000 0.066667
0 0.668750 0.196875 0.040625 0.056250
0 0.507812 0.333333 0.043750 0.062500
0 0.595313 0.367708 0.043750 0.060417
0 0.368750 0.559375 0.062500 0.077083
0 0.289062 0.569792 0.053125 0.056250
0 0.212500 0.521875 0.050000 0.039583
0 0.367969 0.767708 0.039062 0.064583
0 0.314063 0.644792 0.040625 0.056250
0 0.386719 0.865625 0.051562 0.085417
0 0.283594 0.806250 0.032813 0.050000
0 0.329688 0.869792 0.050000 0.056250
0 0.181250 0.918750 0.031250 0.050000
0 0.146875 0.970833 0.062500 0.058333
0 0.110937 0.912500 0.056250 0.062500
0 0.038281 0.956250 0.054688 0.058333
0 0.085156 0.643750 0.079687 0.104167
0 0.027344 0.651042 0.051562 0.085417
0 0.104688 0.323958 0.053125 0.064583
0 0.061719 0.366667 0.026562 0.037500
0 0.032813 0.301042 0.015625 0.035417
