0 0.471875 0.044792 0.021875 0.052083
0 0.525000 0.034375 0.040625 0.031250
0 0.661719 0.095833 0.051562 0.050000
0 0.781250 0.183333 0.146875 0.220833
0 0.766406 0.010417 0.039062 0.016667
0 0.896094 0.096875 0.026562 0.027083
0 0.944531 0.061458 0.045312 0.064583
0 0.978906 0.063542 0.032813 0.047917
0 0.923438 0.270833 0.034375 0.045833
0 0.828906 0.318750 0.051562 0.041667
0 0.678906 0.306250 0.035937 0.041667
0 0.613281 0.217708 0.039062 0.043750
0 0.575781 0.229167 0.039062 0.045833
0 0.509375 0.144792 0.025000 0.035417
0 0.475781 0.135417 0.032813 0.037500
0 0.428125 0.143750 0.046875 0.062500
0 0.470313 0.232292 0.034375 0.027083
0 0.939063 0.344792 0.071875 0.068750
0 0.824219 0.389583 0.067187 0.066667
0 0.630469 0.398958 0.042188 0.047917
0 0.493750 0.314583 0.025000 0.033333
0 0.673438 0.461458 0.034375 0.043750
0 0.728125 0.483333 0.021875 0.037500
0 0.717969 0.538542 0.051562 0.060417
0 0.885938 0.497917 0.037500 0.066667
0 0.965625 0.489583 0.040625 0.050000
0 0.497656 0.544792 0.032813 0.047917
0 0.332031 0.588542 0.042188 0.035417
0 0.675000 0.621875 0.028125 0.052083
0 0.681250 0.675000 0.018750 0.020833
0 0.707031 0.677083 0.023438 0.037500
0 0.764844 0.687500 0.029687 0.033333
0 0.832812 0.673958 0.037500 0.056250
0 0.860156 0.700000 0.026562 0.037500
0 0.927344 0.696875 0.064062 0.072917
0 0.936719 0.884375 0.126562 0.231250
0 0.756250 0.721875 0.018750 0.027083
0 0.714063 0.732292 0.037500 0.031250
0 0.682031 0.736458 0.020313 0.022917
0 0.607812 0.716667 0.025000 0.033333
0 0.559375 0.666667 0.046875 0.091667
0 0.433594 0.685417 0.023438 0.025000
0 0.364844 0.650000 0.026562 0.025000
0 0.329688 0.676042 0.031250 0.039583
0 0.308594 0.745833 0.032813 0.062500
0 0.183594 0.667708 0.017188 0.031250
0 0.149219 0.703125 0.023438 0.031250
0 0.158594 0.755208 0.039062 0.052083
0 0.090625 0.755208 0.025000 0.027083
0 0.049219 0.728125 0.026562 0.027083
0 0.042969 0.776042 0.020313 0.031250
0 0.005469 0.798958 0.007812 0.022917
0 0.025000 0.841667 0.046875 0.058333
0 0.092188 0.836458 0.034375 0.031250
0 0.064062 0.930208 0.018750 0.043750
0 0.224219 0.871875 0.020313 0.031250
0 0.275781 0.885417 0.029687 0.045833
0 0.328125 0.953125 0.062500 0.068750
0 0.407031 0.794792 0.023438 0.060417
0 0.507031 0.903125 0.048438 0.056250
0 0.583594 0.895833 0.023438 0.029167
0 0.681250 0.939583 0.053125 0.079167
0 0.744531 0.983333 0.029687 0.033333
0 0.636719 0.803125 0.054688 0.064583
0 0.674219 0.770833 0.023438 0.041667
