0 0.014063 0.032292 0.025000 0.047917
0 0.109375 0.045833 0.040625 0.037500
0 0.140625 0.052083 0.031250 0.037500
0 0.135156 0.016667 0.039062 0.029167
0 0.017969 0.196875 0.032813 0.064583
0 0.293750 0.059375 0.040625 0.052083
0 0.348438 0.075000 0.053125 0.066667
0 0.028906 0.440625 0.054688 0.060417
0 0.223438 0.388542 0.209375 0.256250
0 0.297656 0.255208 0.048438 0.060417
0 0.109375 0.623958 0.043750 0.052083
0 0.031250 0.708333 0.053125 0.054167
0 0.176563 0.616667 0.043750 0.062500
0 0.043750 0.855208 0.053125 0.060417
0 0.070312 0.920833 0.059375 0.075000
0 0.012500 0.984375 0.021875 0.031250
0 0.191406 0.737500 0.039062 0.041667
0 0.135937 0.873958 0.040625 0.047917
0 0.160938 0.944792 0.043750 0.052083
0 0.228125 0.886458 0.021875 0.031250
0 0.247656 0.834375 0.026562 0.035417
0 0.219531 0.988542 0.026562 0.022917
0 0.327344 0.441667 0.048438 0.066667
0 0.285938 0.557292 0.046875 0.047917
0 0.321875 0.637500 0.046875 0.058333
0 0.356250 0.725000 0.059375 0.062500
0 0.410156 0.802083 0.035937 0.062500
0 0.360156 0.904167 0.051562 0.050000
0 0.436719 0.879167 0.048438 0.058333
0 0.434375 0.937500 0.050000 0.058333
0 0.449219 0.201042 0.060937 0.060417
0 0.510938 0.380208 0.050000 0.068750
0 0.509375 0.539583 0.046875 0.066667
0 0.469531 0.639583 0.045312 0.045833
0 0.485938 0.611458 0.034375 0.052083
0 0.555469 0.661458 0.042188 0.047917
0 0.536719 0.752083 0.035937 0.033333
0 0.539844 0.931250 0.045312 0.062500
0 0.513281 0.968750 0.039062 0.062500
0 0.607812 0.450000 0.053125 0.066667
0 0.557813 0.163542 0.028125 0.035417
0 0.628125 0.153125 0.056250 0.052083
0 0.657813 0.195833 0.046875 0.054167
0 0.719531 0.227083 0.039062 0.037500
0 0.668750 0.077083 0.025000 0.029167
0 0.678125 0.136458 0.025000 0.031250
0 0.718750 0.118750 0.021875 0.029167
0 0.766406 0.070833 0.026562 0.033333
0 0.787500 0.057292 0.018750 0.031250
0 0.782813 0.109375 0.034375 0.052083
0 0.923438 0.092708 0.037500 0.060417
0 0.940625 0.018750 0.028125 0.033333
0 0.970313 0.007292 0.025000 0.010417
0 0.694531 0.290625 0.026562 0.031250
0 0.773438 0.366667 0.043750 0.050000
0 0.717187 0.540625 0.034375 0.039583
0 0.716406 0.596875 0.054688 0.060417
0 0.785156 0.679167 0.029687 0.033333
0 0.750000 0.764583 0.040625 0.045833
0 0.837500 0.721875 0.050000 0.052083
0 0.808594 0.848958 0.082812 0.085417
0 0.671875 0.958333 0.028125 0.041667
0 0.651563 0.986458 0.034375 0.027083
0 0.796875 0.948958 0.050000 0.060417
0 0.816406 0.507292 0.029687 0.047917
0 0.847656 0.559375 0.042188 0.060417
0 0.932031 0.607292 0.082812 0.102083
0 0.995313 0.788542 0.009375 0.035417
0 0.947656 0.944792 0.104688 0.110417
0 0.962500 0.411458 0.031250 0.039583
0 0.851562 0.228125 0.025000 0.027083
0 0.894531 0.226042 0.035937 0.035417
0 0.930469 0.301042 0.045312 0.052083
0 0.961719 0.267708 0.039062 0.022917
