0 0.017188 0.056250 0.031250 0.045833
0 0.004687 0.108333 0.006250 0.037500
0 0.059375 0.086458 0.021875 0.035417
0 0.135156 0.091667 0.045312 0.050000
0 0.175781 0.031250 0.098437 0.058333
0 0.244531 0.021875 0.045312 0.039583
0 0.254688 0.083333 0.046875 0.045833
0 0.336719 0.115625 0.035937 0.035417
0 0.366406 0.016667 0.045312 0.029167
0 0.434375 0.038542 0.031250 0.035417
0 0.479687 0.057292 0.028125 0.039583
0 0.518750 0.035417 0.021875 0.033333
0 0.562500 0.010417 0.031250 0.016667
0 0.578125 0.052083 0.018750 0.029167
0 0.672656 0.017708 0.023438 0.031250
0 0.675781 0.047917 0.014063 0.025000
0 0.771875 0.014583 0.028125 0.025000
0 0.797656 0.007292 0.020313 0.010417
0 0.920312 0.012500 0.028125 0.020833
0 0.190625 0.151042 0.037500 0.039583
0 0.013281 0.247917 0.023438 0.033333
0 0.015625 0.208333 0.028125 0.045833
0 0.310156 0.204167 0.032813 0.033333
0 0.281250 0.188542 0.028125 0.039583
0 0.264062 0.173958 0.028125 0.039583
0 0.585156 0.135417 0.032813 0.037500
0 0.642969 0.101042 0.026562 0.035417
0 0.664844 0.106250 0.020313 0.033333
0 0.716406 0.111458 0.032813 0.035417
0 0.757812 0.090625 0.028125 0.039583
0 0.828125 0.109375 0.031250 0.035417
0 0.868750 0.054167 0.021875 0.025000
0 0.938281 0.098958 0.026562 0.035417
0 0.955469 0.093750 0.017188 0.033333
0 0.997656 0.081250 0.004687 0.033333
0 0.863281 0.135417 0.026562 0.050000
0 0.907813 0.152083 0.025000 0.033333
0 0.989062 0.173958 0.021875 0.035417
0 0.818750 0.219792 0.012500 0.022917
0 0.864844 0.250000 0.026562 0.033333
0 0.951562 0.243750 0.034375 0.033333
0 0.929688 0.300000 0.025000 0.041667
0 0.996875 0.339583 0.006250 0.020833
0 0.613281 0.223958 0.045312 0.043750
0 0.677344 0.265625 0.020313 0.027083
0 0.696875 0.252083 0.018750 0.029167
0 0.783594 0.204167 0.029687 0.033333
0 0.686719 0.156250 0.039062 0.045833
0 0.447656 0.361458 0.032813 0.031250
0 0.179688 0.209375 0.037500 0.035417
0 0.215625 0.229167 0.037500 0.041667
0 0.175000 0.247917 0.018750 0.029167
0 0.118750 0.283333 0.028125 0.029167
0 0.088281 0.295833 0.029687 0.033333
0 0.094531 0.343750 0.032813 0.041667
0 0.174219 0.333333 0.020313 0.045833
0 0.197656 0.339583 0.032813 0.050000
0 0.057031 0.442708 0.026562 0.043750
0 0.016406 0.415625 0.029687 0.060417
0 0.011719 0.461458 0.020313 0.035417
0 0.278125 0.283333 0.031250 0.033333
0 0.325000 0.343750 0.037500 0.054167
0 0.368750 0.347917 0.031250 0.045833
0 0.480469 0.159375 0.098437 0.143750
0 0.557813 0.272917 0.021875 0.033333
0 0.743750 0.295833 0.031250 0.033333
0 0.800781 0.306250 0.023438 0.025000
0 0.846094 0.330208 0.023438 0.035417
0 0.907031 0.481250 0.185938 0.295833
0 0.945312 0.688542 0.034375 0.031250
0 0.867188 0.682292 0.021875 0.022917
0 0.776563 0.632292 0.009375 0.022917
0 0.739844 0.651042 0.020313 0.018750
0 0.714844 0.334375 0.029687 0.035417
0 0.739844 0.400000 0.017188 0.020833
0 0.621875 0.341667 0.034375 0.050000
0 0.607031 0.371875 0.029687 0.031250
0 0.642969 0.380208 0.029687 0.039583
0 0.529687 0.353125 0.028125 0.039583
0 0.543750 0.383333 0.025000 0.029167
0 0.190625 0.536458 0.128125 0.177083
0 0.238281 0.465625 0.020313 0.027083
0 0.251563 0.483333 0.034375 0.037500
0 0.296875 0.477083 0.025000 0.029167
0 0.270313 0.504167 0.037500 0.033333
0 0.018750 0.580208 0.034375 0.035417
0 0.018750 0.620833 0.034375 0.058333
0 0.180469 0.642708 0.029687 0.035417
0 0.175000 0.684375 0.025000 0.035417
0 0.240625 0.635417 0.034375 0.033333
0 0.246875 0.663542 0.034375 0.031250
0 0.026562 0.688542 0.050000 0.043750
0 0.102344 0.734375 0.029687 0.031250
0 0.102344 0.769792 0.035937 0.035417
0 0.118750 0.788542 0.028125 0.043750
0 0.034375 0.783333 0.040625 0.054167
0 0.067969 0.828125 0.039062 0.052083
0 0.039844 0.835417 0.017188 0.025000
0 0.213281 0.809375 0.035937 0.043750
0 0.170313 0.883333 0.034375 0.037500
0 0.092188 0.881250 0.034375 0.033333
0 0.200000 0.856250 0.031250 0.033333
0 0.321875 0.738542 0.034375 0.035417
0 0.401562 0.457292 0.031250 0.035417
0 0.451562 0.423958 0.037500 0.043750
0 0.477344 0.465625 0.042188 0.039583
0 0.521094 0.473958 0.039062 0.047917
0 0.623437 0.488542 0.046875 0.043750
0 0.647656 0.429167 0.026562 0.020833
0 0.689844 0.475000 0.026562 0.016667
0 0.741406 0.491667 0.045312 0.045833
0 0.785156 0.531250 0.042188 0.041667
0 0.413281 0.520833 0.026562 0.033333
0 0.464844 0.539583 0.035937 0.045833
0 0.592969 0.560417 0.032813 0.037500
0 0.628906 0.566667 0.017188 0.025000
0 0.684375 0.531250 0.046875 0.054167
0 0.685937 0.598958 0.046875 0.043750
0 0.369531 0.572917 0.020313 0.025000
0 0.428906 0.604167 0.029687 0.054167
0 0.391406 0.666667 0.035937 0.058333
0 0.421875 0.682292 0.034375 0.047917
0 0.471094 0.690625 0.035937 0.035417
0 0.512500 0.604167 0.043750 0.054167
0 0.605469 0.676042 0.039062 0.039583
0 0.642969 0.688542 0.032813 0.043750
0 0.431250 0.771875 0.031250 0.056250
0 0.303906 0.846875 0.035937 0.035417
0 0.237500 0.912500 0.040625 0.041667
0 0.389062 0.848958 0.046875 0.039583
0 0.404687 0.815625 0.043750 0.031250
0 0.447656 0.856250 0.023438 0.025000
0 0.514062 0.761458 0.034375 0.039583
0 0.667969 0.780208 0.057813 0.039583
0 0.722656 0.779167 0.029687 0.041667
0 0.815625 0.725000 0.037500 0.045833
0 0.911719 0.740625 0.045312 0.047917
0 0.825781 0.791667 0.032813 0.029167
0 0.957031 0.847917 0.048438 0.054167
0 0.878125 0.886458 0.025000 0.035417
0 0.724219 0.867708 0.029687 0.043750
0 0.771094 0.855208 0.029687 0.039583
0 0.746875 0.903125 0.021875 0.022917
0 0.762500 0.931250 0.021875 0.025000
0 0.856250 0.916667 0.043750 0.033333
0 0.955469 0.923958 0.042188 0.047917
0 0.977344 0.904167 0.042188 0.045833
0 0.732812 0.981250 0.021875 0.029167
0 0.528906 0.973958 0.029687 0.027083
0 0.582812 0.868750 0.128125 0.195833
0 0.324219 0.967708 0.026562 0.031250
0 0.387500 0.980208 0.043750 0.039583
0 0.171094 0.992708 0.026562 0.014583
0 0.242188 0.983333 0.046875 0.033333
0 0.013281 0.980208 0.023438 0.039583
0 0.914062 0.992708 0.018750 0.014583
0 0.994531 0.657292 0.010937 0.031250
0 0.995313 0.698958 0.009375 0.039583
0 0.482812 0.992708 0.025000 0.014583
0 0.707812 0.994792 0.018750 0.010417
