0 0.016406 0.015625 0.029687 0.027083
0 0.071875 0.018750 0.040625 0.033333
0 0.137500 0.044792 0.075000 0.085417
0 0.250781 0.035417 0.026562 0.033333
0 0.317188 0.079167 0.034375 0.041667
0 0.428125 0.015625 0.040625 0.027083
0 0.591406 0.038542 0.026562 0.027083
0 0.698438 0.048958 0.028125 0.039583
0 0.828125 0.019792 0.034375 0.035417
0 0.806250 0.011458 0.021875 0.018750
0 0.987500 0.012500 0.025000 0.020833
0 0.797656 0.062500 0.020313 0.020833
0 0.838281 0.058333 0.017188 0.020833
0 0.857812 0.058333 0.018750 0.025000
0 0.885156 0.115625 0.042188 0.039583
0 0.944531 0.131250 0.039062 0.050000
0 0.849219 0.205208 0.023438 0.027083
0 0.817187 0.169792 0.009375 0.014583
0 0.909375 0.231250 0.028125 0.041667
0 0.968750 0.295833 0.025000 0.029167
0 0.851562 0.269792 0.028125 0.035417
0 0.937500 0.391667 0.018750 0.025000
0 0.907813 0.426042 0.021875 0.027083
0 0.939844 0.489583 0.014063 0.029167
0 0.917188 0.487500 0.018750 0.029167
0 0.887500 0.504167 0.037500 0.033333
0 0.985156 0.538542 0.029687 0.035417
0 0.916406 0.557292 0.020313 0.022917
0 0.938281 0.609375 0.020313 0.022917
0 0.945312 0.758333 0.025000 0.033333
0 0.984375 0.835417 0.031250 0.050000
0 0.965625 0.985417 0.031250 0.029167
0 0.907813 0.894792 0.031250 0.027083
0 0.908594 0.857292 0.017188 0.010417
0 0.832812 0.772917 0.015625 0.016667
0 0.834375 0.793750 0.034375 0.025000
0 0.860156 0.836458 0.017188 0.018750
0 0.839844 0.848958 0.020313 0.022917
0 0.831250 0.900000 0.021875 0.037500
0 0.742969 0.877083 0.017188 0.016667
0 0.784375 0.987500 0.021875 0.025000
0 0.814063 0.987500 0.021875 0.025000
0 0.738281 0.911458 0.020313 0.039583
0 0.723437 0.881250 0.015625 0.016667
0 0.663281 0.892708 0.020313 0.022917
0 0.696875 0.916667 0.015625 0.020833
0 0.668750 0.930208 0.018750 0.018750
0 0.697656 0.986458 0.023438 0.027083
0 0.636719 0.945833 0.039062 0.037500
0 0.660156 0.971875 0.032813 0.035417
0 0.570312 0.822917 0.028125 0.025000
0 0.592969 0.951042 0.020313 0.027083
0 0.523438 0.978125 0.037500 0.043750
0 0.457813 0.897917 0.034375 0.045833
0 0.460156 0.832292 0.017188 0.027083
0 0.422656 0.882292 0.023438 0.035417
0 0.410156 0.792708 0.014063 0.022917
0 0.410156 0.737500 0.023438 0.020833
0 0.378906 0.625000 0.017188 0.029167
0 0.334375 0.630208 0.028125 0.035417
0 0.346094 0.480208 0.029687 0.035417
0 0.335156 0.433333 0.017188 0.029167
0 0.331250 0.331250 0.034375 0.037500
0 0.392969 0.217708 0.020313 0.027083
0 0.439063 0.230208 0.025000 0.031250
0 0.473438 0.148958 0.018750 0.031250
0 0.287500 0.179167 0.037500 0.050000
0 0.238281 0.146875 0.026562 0.031250
0 0.251563 0.197917 0.028125 0.033333
0 0.152344 0.128125 0.026562 0.039583
0 0.182031 0.170833 0.035937 0.045833
0 0.120313 0.225000 0.040625 0.037500
0 0.053906 0.114583 0.032813 0.050000
0 0.108594 0.106250 0.029687 0.029167
0 0.015625 0.116667 0.028125 0.050000
0 0.046875 0.190625 0.028125 0.035417
0 0.036719 0.269792 0.029687 0.064583
0 0.067969 0.285417 0.039062 0.037500
0 0.159375 0.382292 0.034375 0.039583
0 0.195312 0.381250 0.040625 0.050000
0 0.254688 0.318750 0.025000 0.020833
0 0.293750 0.338542 0.021875 0.027083
0 0.307812 0.376042 0.021875 0.027083
0 0.053906 0.403125 0.035937 0.056250
0 0.072656 0.456250 0.035937 0.033333
0 0.042188 0.538542 0.034375 0.039583
0 0.111719 0.572917 0.029687 0.037500
0 0.175781 0.537500 0.029687 0.037500
0 0.207813 0.506250 0.025000 0.041667
0 0.248438 0.514583 0.028125 0.025000
0 0.319531 0.482292 0.023438 0.031250
0 0.229687 0.542708 0.037500 0.035417
0 0.217188 0.571875 0.021875 0.022917
0 0.269531 0.581250 0.032813 0.054167
0 0.291406 0.673958 0.023438 0.039583
0 0.313281 0.684375 0.017188 0.035417
0 0.232813 0.654167 0.021875 0.033333
0 0.086719 0.618750 0.023438 0.045833
0 0.050781 0.676042 0.039062 0.043750
0 0.150781 0.703125 0.029687 0.035417
0 0.178906 0.687500 0.035937 0.037500
0 0.300000 0.812500 0.015625 0.020833
0 0.312500 0.855208 0.018750 0.027083
0 0.292969 0.879167 0.023438 0.025000
0 0.319531 0.878125 0.020313 0.027083
0 0.230469 0.866667 0.026562 0.033333
0 0.200000 0.935417 0.034375 0.029167
0 0.232813 0.980208 0.034375 0.039583
0 0.142969 0.908333 0.045312 0.050000
0 0.157031 0.973958 0.026562 0.035417
0 0.146094 0.804167 0.029687 0.045833
0 0.164844 0.747917 0.035937 0.033333
0 0.090625 0.723958 0.015625 0.035417
0 0.076563 0.757292 0.021875 0.027083
0 0.096094 0.780208 0.029687 0.035417
0 0.062500 0.840625 0.031250 0.043750
0 0.053906 0.907292 0.035937 0.031250
0 0.065625 0.937500 0.034375 0.037500
0 0.037500 0.714583 0.034375 0.033333
0 0.008594 0.726042 0.014063 0.043750
0 0.005469 0.682292 0.007812 0.018750
0 0.199219 0.223958 0.032813 0.035417
0 0.177344 0.245833 0.014063 0.016667
0 0.864062 0.163542 0.034375 0.043750
0 0.292969 0.455208 0.020313 0.031250
0 0.018750 0.434375 0.018750 0.022917
0 0.088281 0.344792 0.014063 0.018750
0 0.064844 0.994792 0.042188 0.010417
